0
255
34
249
80
255
0.3764705882352941
0.6745098039215687
0.7098039215686275
1.0
0.5372549019607843
1.0
0
255
0
255
0
255
0.5254901960784314
1.0
0.15294117647058825
1.0
0.4980392156862745
1.0
190
255
194
255
219
255
0.0
0.5019607843137255
0.0
0.3333333333333333
0.788235294117647
1.0
86
255
78
255
128
236
0.0
0.3568627450980392
0.3764705882352941
0.6196078431372549
0.5647058823529412
0.8901960784313725
197
255
59
203
187
255
0.11764705882352941
0.27058823529411763
0.29411764705882354
0.8588235294117647
0.8
1.0
